2011 195000 2990
2011 211000 2550
2010 190123 2990
2010 230121 2699
2011 220000 2990
2010 209174 2350
2010 181241 2699
2011 195000 2990
2011 211000 2550
2010 145500 2500
2010 143000 2290
2010 359000 2999
2010 169317 2500
2010 220000 3000
2010 185214 2790
2010 134000 2990
2010 118616 3000
2010 230121 2699
2010 300000 1999
2010 167000 3000
2010 202000 2700
2010 190123 2990
2011 220000 2990
2011 185000 2950
2015 150000 2850
2012 200000 1111
2011 195000 2990
2011 161234 2799
2012 695000 1400
2010 202754 2790
2010 191000 2500
2010 240000 2800
2013 163000 2000
2010 130000 1100
2010 220000 2850
2011 35000 600
2012 170000 2999
2010 133000 2990
2010 383000 2700
2010 170000 2590
2010 202000 2980
